0
2
7
8
15
20
22
28
35
36
38
40
41
64
73
75
81
95
97
98
99
103
116
128
129
131
139
152
158
173
175
188
195
209
213
216
223
231
233
235
245
248
250
255
259
265
271
276
280
290
292
294
295
302
306
308
309
314
328
329
330
334
335
341
351
354
359
363
365
366
367
368
378
379
383
389
392
395
405
423
424
425
429
431
436
451
459
467
473
476
479
482
498
504
506
512
518
521
522
530
532
535
548
551
552
554
560
564
566
573
592
595
596
605
635
637
641
645
646
655
658
659
665
672
674
676
696
698
706
709
719
738
747
752
756
770
772
776
780
788
791
792
800
815
816
820
824
826
835
841
842
858
859
862
872
873
876
877
884
886
889
891
894
899
903
905
910
912
915
916
918
920
932
936
942
943
950
955
957
961
962
963
966
978
979
982
983
986
987
